<?xml version="1.0"?>
<opencv_storage>
<Keypoint>
  2.9899148559570312e+002 8.6603790283203125e+002 6.
  8.9706375122070313e+001 2.1300044250488281e+002 0 -1
  2.6914019775390625e+002 8.6393072509765625e+002 6.
  8.8600624084472656e+001 1.9425802612304688e+002 0 -1
  2.5812466430664062e+002 5.7811181640625000e+002 4.
  -1.6600137329101562e+002 1.8031639099121094e+002 0 -1
  3.0198806762695312e+002 8.7498419189453125e+002 4.
  -7.9233139038085938e+001 2.2303082275390625e+002 0 -1
  2.3002075195312500e+002 5.7798968505859375e+002 8.
  -1.4260409355163574e+001 1.8115414428710937e+002 0 -1
  1.7787190246582031e+002 6.5105572509765625e+002 0.
  -6.7902030944824219e+001 189. 0 -1 1.4098420715332031e+002
  6.1890173339843750e+002 2. -9.4390991210937500e+001
  1.8006625366210937e+002 0 -1 1.9012736511230469e+002
  6.5313861083984375e+002 0. -1.0064749145507812e+002
  2.0022500610351562e+002 0 -1 2.5864447021484375e+002
  6.6673333740234375e+002 0. 1.6360446166992187e+002
  1.8725804138183594e+002 0 -1 5.7106754302978516e+001
  8.0716564941406250e+002 2. 1.5843942260742187e+002
  1.9302670288085937e+002 0 -1 1.6490771484375000e+002
  7.8911468505859375e+002 0. -8.2982505798339844e+001
  1.8570559692382812e+002 0 -1 173. 7.8320001220703125e+002 0.
  -1.5093852233886719e+002 183. 0 -1 3.5110833740234375e+002
  7.1388049316406250e+002 0. -5.9689384460449219e+001
  2.0284391784667969e+002 0 -1 2.5708749389648437e+002
  3.8572982788085937e+002 0. -1.4886245727539062e+002
  1.8151063537597656e+002 0 -1 2.1900927734375000e+002
  4.8200079345703125e+002 0. 7.7738265991210938e+001 188. 0 -1 286. 476.
  0. -1.4216441345214844e+002 2.5925000000000000e+002 0 -1
  1.0998636627197266e+002 6.1128143310546875e+002 0.
  6.1697746276855469e+001 2.1585975646972656e+002 0 -1
  1.4193226623535156e+002 607. 4. 1.2757065582275391e+002
  2.0514392089843750e+002 0 -1 3.0511318969726562e+002
  5.8187603759765625e+002 0. -8.7625755310058594e+001
  1.8816171264648437e+002 0 -1 2.5424200439453125e+002
  3.9108966064453125e+002 6. -1.2815628051757812e+002
  1.9001329040527344e+002 0 -1 1.2566681671142578e+002
  6.0735803222656250e+002 0. -6.0282196044921875e+001
  2.1982305908203125e+002 0 -1 3.5412844848632812e+002
  7.3685986328125000e+002 0. 5.5653892517089844e+001
  2.0186511230468750e+002 0 -1 2.1900068664550781e+002 490. 0.
  -1.0279425048828125e+002 1.9227999877929687e+002 0 -1
  2.3880857849121094e+002 3.9490414428710937e+002 0.
  -6.4551383972167969e+001 2.1264480590820313e+002 0 -1
  1.4713328552246094e+002 6.0507250976562500e+002 6.
  1.0451959228515625e+002 2.1279867553710937e+002 0 -1
  3.1625039672851562e+002 8.7414471435546875e+002 10.
  -3.4316783905029297e+001 1.9429066467285156e+002 1 -1
  3.2312658691406250e+002 5.1209997558593750e+002 2.
  1.3503176879882812e+002 1.9024697875976562e+002 0 -1
  3.2084307861328125e+002 5.1580029296875000e+002 4.
  -1.6218325805664062e+002 1.8381521606445312e+002 0 -1
  3.9147827148437500e+001 3.9821353149414062e+002 2.
  9.7093551635742188e+001 1.8523141479492187e+002 0 -1
  3.4782299804687500e+002 5.2978857421875000e+002 0.
  -1.5502323913574219e+002 1.8280372619628906e+002 0 -1
  3.9082965087890625e+002 5.6518725585937500e+002 2.
  8.4841873168945313e+001 1.9388122558593750e+002 0 -1
  3.8376507568359375e+002 5.2977722167968750e+002 2.
  -1.0462798309326172e+002 1.8136103820800781e+002 0 -1
  1.9133787536621094e+002 6.0208203125000000e+002 6.
  5.2411785125732422e+001 2.2184500122070313e+002 0 -1
  7.2787376403808594e+001 2.6194244384765625e+002 2.
  -1.6348750305175781e+002 1.8707041931152344e+002 0 -1
  1.3428108215332031e+002 7.9590960693359375e+002 2.
  -8.6524497985839844e+001 1.8553150939941406e+002 0 -1
  3.6751544952392578e+001 4.0174246215820313e+002 0.
  9.5743553161621094e+001 1.9946923828125000e+002 0 -1
  3.9893563842773437e+002 6.0023815917968750e+002 8.
  -1.5388986206054687e+002 1.9003225708007812e+002 0 -1
  1.0078215026855469e+002 5.3429376220703125e+002 16.
  4.8060043334960937e+001 1.8002185058593750e+002 1 -1
  4.9054046630859375e+001 8.0207476806640625e+002 0.
  -1.2879995727539062e+002 2.1112776184082031e+002 0 -1
  4.7510009765625000e+001 8.0251190185546875e+002 0.
  -1.1881481170654297e+002 2.0988757324218750e+002 0 -1
  4.0484313964843750e+001 8.0148486328125000e+002 0.
  -1.7897031784057617e+001 2.0513879394531250e+002 0 -1
  4.1920504760742187e+002 5.4706823730468750e+002 2.
  1.6762294006347656e+002 2.2303617858886719e+002 0 -1
  2.3298004150390625e+002 2.0802842712402344e+002 6.
  1.7384523010253906e+002 1.8910119628906250e+002 0 -1
  1.6329719543457031e+002 5.9910443115234375e+002 0.
  9.8283271789550781e+001 2.2808914184570312e+002 0 -1
  2.7902716064453125e+002 2.0819717407226562e+002 0.
  -9.1779060363769531e+001 181. 0 -1 2.1639999389648437e+002
  2.3040147399902344e+002 0. -9.0432014465332031e+001 187. 0 -1
  1.2614024353027344e+002 5.9806518554687500e+002 0.
  8.4626144409179688e+001 2.1166532897949219e+002 0 -1
  2.3901303100585937e+002 2.0901690673828125e+002 6.
  1.4187242126464844e+002 1.8705917358398437e+002 0 -1
  7.1083129882812500e+001 2.3000173950195312e+002 4.
  2.9970579147338867e+001 2.0613429260253906e+002 0 -1
  2.6660308837890625e+002 2.2840502929687500e+002 0.
  -7.7600753784179688e+001 1.9375999450683594e+002 0 -1
  2.4653118896484375e+002 2.1073530578613281e+002 0.
  5.8965747833251953e+001 1.9176470947265625e+002 0 -1
  2.4853887939453125e+002 2.1046546936035156e+002 0.
  1.8202825546264648e+001 1.9792445373535156e+002 0 -1
  2.4144689941406250e+002 2.1031391906738281e+002 0.
  1.4515664672851562e+002 2.0704576110839844e+002 0 -1
  6.6016342163085938e+001 5.6268750000000000e+002 2.
  1.0506110382080078e+002 1.8521688842773437e+002 0 -1
  2.4950418090820313e+002 2.2850137329101562e+002 0.
  -7.4025718688964844e+001 2.0387500000000000e+002 0 -1
  2.3765454101562500e+002 2.2956478881835937e+002 0.
  -9.1881835937500000e+001 181. 0 -1 2.5845642089843750e+002
  5.9081317138671875e+002 2. -1.7105464172363281e+002
  1.9324932861328125e+002 0 -1 2.4839999389648437e+002
  2.1139520263671875e+002 0. 4.1550098419189453e+001 185. 0 -1
  2.2080000305175781e+002 230. 0. -9.1652175903320313e+001 186. 0 -1
  2.7569845581054687e+002 2.1132511901855469e+002 0.
  -6.9696258544921875e+001 185. 0 -1 2.7302746582031250e+002
  2.2402223205566406e+002 6. -8.1735542297363281e+001
  1.8910006713867187e+002 0 -1 2.6747445678710937e+002
  2.2447584533691406e+002 0. -8.9303642272949219e+001
  2.0717468261718750e+002 0 -1 2.5601907348632812e+002
  2.2402542114257812e+002 6. -9.2360519409179687e+001
  1.8711441040039062e+002 0 -1 5.0605758666992188e+001
  7.9839056396484375e+002 0. 1.5922817993164062e+002 186. 0 -1
  2.5050592041015625e+002 2.2450592041015625e+002 0.
  -7.7137420654296875e+001 2.0862796020507812e+002 0 -1
  3.5410358428955078e+001 7.8534234619140625e+002 0.
  -1.6914430618286133e+001 1.6869627380371094e+002 0 -1
  2.4020488739013672e+001 7.9663092041015625e+002 8.
  7.8245086669921875e+000 1.7094586181640625e+002 0 -1
  3.8380468750000000e+002 5.3382965087890625e+002 0.
  -1.0594840240478516e+002 1.7125640869140625e+002 0 -1
  3.0474511718750000e+002 5.3463824462890625e+002 0.
  -8.0828697204589844e+001 1.7653846740722656e+002 0 -1
  2.2804237365722656e+002 5.7790496826171875e+002 4.
  -2.9153980255126953e+001 1.7314569091796875e+002 0 -1 143. 679. 6.
  1.5513812255859375e+002 1.6955566406250000e+002 1 -1
  1.0786031341552734e+002 5.6279614257812500e+002 4.
  -1.5957545471191406e+002 1.6652432250976563e+002 0 -1
  3.3377887725830078e+001 1.5502088928222656e+002 4.
  1.6328720092773437e+002 1.7604937744140625e+002 0 -1
  1.0814588928222656e+002 5.6808221435546875e+002 0.
  1.2748217773437500e+002 1.7547999572753906e+002 0 -1
  1.5718502807617188e+002 6.1882794189453125e+002 8.
  -7.9052650451660156e+001 1.6946894836425781e+002 0 -1
  2.9395394897460937e+002 8.4602838134765625e+002 0.
  3.3291980743408203e+001 1.6773475646972656e+002 0 -1
  2.4179797363281250e+002 3.8572839355468750e+002 13.
