<?xml version="1.0"?>
<opencv_storage>
<Keypoint>
  4.3254837036132812e+002 1.2779102325439453e+002 10.
  -9.2090980529785156e+001 2.7011367797851562e+002 0 -1
  2.0357270812988281e+002 6.2944604492187500e+002 8.
  1.5678538513183594e+002 2.1967268371582031e+002 0 -1
  2.6355947875976562e+002 5.4665087890625000e+002 24.
  -1.7704420471191406e+002 2.3151867675781250e+002 2 -1
  3.2501248168945312e+002 8.6771710205078125e+002 11.
  7.5367485046386719e+001 2.5544642639160156e+002 0 -1
  3.0742153930664062e+002 8.6610223388671875e+002 4.
  6.9257400512695312e+001 2.3969422912597656e+002 0 -1
  1.9048121643066406e+002 6.2941815185546875e+002 10.
  2.7468057632446289e+001 2.2266918945312500e+002 0 -1
  2.3205932617187500e+002 584. 4. -2.0682359695434570e+001
  1.8910382080078125e+002 0 -1 2.0132101440429687e+002
  6.3515979003906250e+002 0. -1.6718753051757812e+002
  1.9552743530273438e+002 0 -1 3.1934283447265625e+002
  8.6979473876953125e+002 2. 9.4806381225585938e+001
  1.9555767822265625e+002 0 -1 2.0342417907714844e+002
  6.3698828125000000e+002 10. -1.6471974182128906e+002
  2.2280372619628906e+002 0 -1 2.3840461730957031e+002
  5.7997894287109375e+002 4. -1.0655456542968750e+001
  1.8775492858886719e+002 0 -1 1.9061270141601562e+002
  6.3751477050781250e+002 10. -1.4311288833618164e+001
  2.2830364990234375e+002 0 -1 2.3788949584960937e+002
  5.5901635742187500e+002 27. -8.3507795333862305e+000
  1.8883116149902344e+002 3 -1 2.6433703613281250e+002
  8.7165563964843750e+002 10. -1.1207070922851562e+002
  2.2879347229003906e+002 0 -1 2.6514318847656250e+002
  8.6412261962890625e+002 4. 9.7812889099121094e+001
  2.2217762756347656e+002 0 -1 3.2301953125000000e+002
  8.1215631103515625e+002 0. 8.4631835937500000e+001
  1.8418685913085937e+002 0 -1 3.0708557128906250e+002
  8.7182165527343750e+002 2. 2.9258111953735352e+001
  2.3512765502929687e+002 0 -1 3.8216540527343750e+002
  8.7204974365234375e+002 0. -2.2966896057128906e+001
  2.1075437927246094e+002 0 -1 1.9074703979492187e+002
  6.3553521728515625e+002 23. -1.0556590270996094e+002
  1.8000090026855469e+002 2 -1 3.9413238525390625e+002
  8.7323968505859375e+002 0. 2.6115007400512695e+001
  2.1180612182617187e+002 0 -1 2.8667884826660156e+001
  1.5174118041992187e+002 0. 8.2985511779785156e+001
  2.5330668640136719e+002 0 -1 2.2144293212890625e+002
  6.4301580810546875e+002 0. -2.4342752456665039e+001
  2.5369137573242187e+002 0 -1 1.8591535949707031e+002
  6.1804699707031250e+002 4. -9.9141273498535156e+001
  2.1085140991210937e+002 0 -1 2.2381648254394531e+002
  6.4299792480468750e+002 0. -2.7955085754394531e+001
  2.4963021850585937e+002 0 -1 2.1439054870605469e+002
  5.7776727294921875e+002 10. -4.5267032623291016e+001
  2.1938536071777344e+002 0 -1 1.2812417602539062e+002
  6.1801550292968750e+002 6. -8.1583221435546875e+001
  2.1658987426757812e+002 0 -1 2.4637974548339844e+002
  6.5446466064453125e+002 31. 8.6875228881835938e+001
  1.9319721984863281e+002 4 -1 2.5161856079101562e+002
  6.5849133300781250e+002 4. -1.7626945495605469e+002
  1.8733927917480469e+002 0 -1 118. 618. 2. -9.0441291809082031e+001
  2.2161476135253906e+002 0 -1 107. 618. 6. -3.6722961425781250e+001
  227. 0 -1 1.6857252502441406e+002 7.8918768310546875e+002 10.
  -1.3099855041503906e+002 1.8607272338867187e+002 0 -1
  2.8554568481445312e+002 6.7770214843750000e+002 0.
  1.5405981445312500e+002 1.8306741333007812e+002 0 -1
  9.4995750427246094e+001 7.8951715087890625e+002 4.
  9.5634399414062500e+001 1.8003125000000000e+002 0 -1
  6.8559524536132813e+001 790. 10. 1.7550449371337891e+001
  1.9457440185546875e+002 0 -1 2.8822277832031250e+002
  8.7734692382812500e+002 0. -3.8259513854980469e+001
  2.1845422363281250e+002 0 -1 1.5820277404785156e+002
  7.8813079833984375e+002 4. -5.0877437591552734e+001
  1.8903829956054687e+002 0 -1 1.5742127990722656e+002
  6.7963220214843750e+002 10. 2.6569972991943359e+001
  1.8234735107421875e+002 0 -1 2.0439733886718750e+002
  6.1446667480468750e+002 11. -1.5263404846191406e+002
  2.1504348754882812e+002 0 -1 1.9147085571289062e+002
  6.1470214843750000e+002 8. -6.5215141296386719e+001
  2.0560650634765625e+002 0 -1 2.2848690795898437e+002
  7.1374694824218750e+002 13. 2.0183956146240234e+001
  1.9049304199218750e+002 0 -1 1.6698510742187500e+002
  6.1361999511718750e+002 2. 1.6388179016113281e+002
  2.2960275268554687e+002 0 -1 3.7406472778320312e+002
  6.1232354736328125e+002 10. -8.9594955444335937e+001
  2.6686376953125000e+002 0 -1 2.0326824951171875e+002
  6.1332507324218750e+002 22. -1.7892492675781250e+002
  2.2511775207519531e+002 2 -1 1.9289126586914062e+002
  6.1418841552734375e+002 17. -1.2745727539062500e+002
  1.9572969055175781e+002 2 -1 4.3229333496093750e+002
  1.2199243164062500e+002 17. -8.6599159240722656e+001
  2.5794683837890625e+002 1 -1 186. 614. 0. -4.6740089416503906e+001
  2.1951058959960937e+002 0 -1 3.1614959716796875e+002
  8.7664843750000000e+002 2. -6.7876762390136719e+001
  1.9365434265136719e+002 0 -1 1.2195394897460937e+002 792. 6.
  1.2438707733154297e+002 1.8506579589843750e+002 0 -1 158.
  6.8688922119140625e+002 4. -3.6408096313476562e+001
  1.8363195800781250e+002 0 -1 4.2465383911132812e+002
  1.2526920318603516e+002 21. -1.0177355957031250e+002
  2.0277680969238281e+002 2 -1 1.1795906829833984e+002
  6.1395953369140625e+002 4. -4.9120426177978516e+001
  2.2569407653808594e+002 0 -1 1.8057836914062500e+002
  6.1139062500000000e+002 0. 1.2362056732177734e+002
  1.9968003845214844e+002 0 -1 1.7313626098632812e+002
  6.1195471191406250e+002 8. 1.6086970520019531e+002
  2.2583966064453125e+002 0 -1 92. 305. 10. -9.8773803710937500e+000
  1.8928518676757812e+002 0 -1 1.3726564025878906e+002
  6.1152368164062500e+002 0. 1.2314286041259766e+002
  2.1880490112304687e+002 0 -1 8.9537467956542969e+001
  3.0601010131835937e+002 8. -1.0846941947937012e+001
  2.3492326354980469e+002 0 -1 3.2113092041015625e+002
  8.4732653808593750e+002 19. 7.5192489624023438e+001
  2.5122401428222656e+002 2 -1 3.2089770507812500e+002
  8.7659619140625000e+002 6. -8.5293266296386719e+001
  1.8928099060058594e+002 0 -1 1.0608832550048828e+002
  6.1299426269531250e+002 6. 1.3367283821105957e+001
  2.2132237243652344e+002 0 -1 3.7432235717773438e+002
  6.1076147460937500e+002 11. -9.0527412414550781e+001
  2.6064337158203125e+002 0 -1 1.9641296386718750e+002
  6.1156134033203125e+002 2. -7.8621246337890625e+001
  2.0101040649414062e+002 0 -1 2.7095855712890625e+002
  4.8361544799804687e+002 4. -5.1644264221191406e+001
  1.8903149414062500e+002 0 -1 2.0364086914062500e+002
  6.0300262451171875e+002 22. 1.6207258605957031e+002
  2.2023529052734375e+002 2 -1 1.2301052856445312e+002
  6.1148144531250000e+002 0. -4.3854911804199219e+001
  2.3143957519531250e+002 0 -1 2.4190318298339844e+002
  5.5446685791015625e+002 0. 3.2888386249542236e+000
  1.8821398925781250e+002 0 -1 3.9169448852539062e+002
  3.0366452026367187e+002 11. -1.7634364318847656e+002
  2.0296250915527344e+002 0 -1 1.9661773681640625e+002
  6.0553088378906250e+002 4. 7.9743659973144531e+001
  2.0582997131347656e+002 0 -1 2.7101373291015625e+002
  4.8483352661132812e+002 0. -7.1729164123535156e+001
  2.0370416259765625e+002 0 -1 1.7702316284179687e+002
  6.0550946044921875e+002 8. 4.9603912353515625e+001
  2.1436029052734375e+002 0 -1 2.0805120849609375e+002
  4.9282177734375000e+002 0. -1.1818418121337891e+002
  2.7413296508789062e+002 0 -1 3.1351724243164062e+002
  8.7908410644531250e+002 14. -7.8371345520019531e+001
  1.8497741699218750e+002 1 -1 2.4205166625976562e+002
  5.7061499023437500e+002 2. -8.7255373001098633e+000
  1.8412266540527344e+002 0 -1 2.1349057006835937e+002
  5.7035748291015625e+002 10. 5.8621376037597656e+001
  2.1093395996093750e+002 0 -1 214. 5.6943377685546875e+002 10.
  7.2102546691894531e+001 2.3815126037597656e+002 0 -1 116. 605. 10.
  2.8826017379760742e+001 2.3564573669433594e+002 0 -1
  1.7385011291503906e+002 8.1060961914062500e+002 6.
